photo_index, mg [in dyn], distance_between_centers_of_circles [cm], part_soap [mass ratios], is_garbage [bool], R_left [cm], x_center_left [cm], y_center_left [cm], R_right [cm], x_center_right [cm], y_center_right [cm]
1, 514.5, 10.308,0.0044854, False, 5.7764, -5.3407, 8.5027, 4.4658, 4.9588, 8.0751
2, 514.5, 10.438,0.0044854, False, 5.7543, -5.424, 8.503, 4.6076, 5.0106, 8.2437
3, 651.7, 13.843,0.0044854, False, 7.9049, -8.4925, 10.328, 5.7217, 5.3162, 9.355
4, 651.7, 13.865,0.0044854, False, 7.3807, -8.1601, 9.8897, 6.2333, 5.7052, 9.895
5, 784, 16.576,0.0044854, False, 9.1298, -9.6211, 11.329, 7.1884, 6.9502, 10.938
6, 784, 16.268,0.0044854, False, 8.6392, -9.192, 11.043, 7.3647, 7.0762, 11.112
7, 784, 16.717,0.0044854, False, 9.3012, -9.7093, 11.48, 7.1903, 6.9985, 10.932
8, 784, 17.507,0.0044854, True, 9.5598, -7.1173, 11.882, 7.8034, 10.319, 10.318
9, 784, 16.579,0.0044854, True, 8.8618, -6.4642, 11.544, 7.5392, 10.057, 10.168
10, 793.8, 16.629,0.013068, False, 9.1595, -9.8778, 11.203, 7.49, 6.7508, 11.292
11, 793.8, 16.75,0.013068, True, 9.1873, -9.9341, 11.128, 7.5438, 6.8141, 11.383
12, 793.8, 16.295,0.013068, False, 8.5671, -9.8549, 10.709, 7.5321, 6.4194, 11.526
13, 793.8, 16.217,0.013068, False, 8.7239, -9.8771, 10.878, 7.301, 6.3353, 11.284
14, 793.8, 16.198,0.013068, False, 8.5825, -9.8092, 10.745, 7.424, 6.3745, 11.423
15, 671.3, 12.744,0.013068, False, 6.3047, -7.7135, 9.2036, 6.2032, 5.0044, 10.02
16, 671.3, 13.611,0.013068, False, 7.1667, -6.9218, 10.025, 6.1901, 6.6888, 9.9918
17, 671.3, 13.839,0.013068, False, 7.3733, -7.022, 10.167, 6.2166, 6.8166, 10.022
18, 671.3, 13.999,0.013068, False, 7.6055, -7.2511, 10.29, 6.1593, 6.745, 10.007
19, 671.3, 13.879,0.013068, False, 7.442, -7.0902, 10.241, 6.1843, 6.787, 10.013
20, 671.3, 15.221,0.013068, True, 9.091, -9.2588, 11.358, 6.0408, 5.8965, 9.9429
21, 671.3, 13.848,0.013068, False, 7.4976, -7.9654, 10.312, 6.1037, 5.8782, 9.9543
22, 671.3, 13.605,0.013068, False, 7.4883, -7.8945, 10.337, 5.8845, 5.699, 9.7756
23, 671.3, 13.73,0.013068, False, 7.5181, -7.9166, 10.343, 5.9935, 5.8044, 9.8585
24, 671.3, 12.996,0.013068, True, 7.0159, -7.4023, 10.045, 5.7763, 5.585, 9.5735
25, 671.3, 13.585,0.013068, True, 7.2356, -7.5547, 10.076, 6.1956, 6.0277, 9.8194
26, 519.4, 11.175,0.013068, False, 5.8654, -5.5619, 8.7552, 5.3421, 5.6066, 9.1406
27, 519.4, 10.885,0.013068, False, 5.8839, -5.5971, 8.6986, 4.9012, 5.2882, 8.6957
28, 519.4, 10.812,0.013068, False, 5.8569, -5.5554, 8.6931, 4.8433, 5.2561, 8.6562
29, 519.4, 11.327,0.013068, True, 5.8486, -5.4743, 8.7464, 5.6029, 5.8468, 9.1131
30, 519.4, 10.807,0.013068, True, 5.5199, -7.8503, 8.2124, 5.1626, 2.9544, 7.9754
31, 519.4, 10.716,0.013068, True, 5.3943, -7.7054, 8.2316, 5.1899, 3.0074, 7.9872
32, 519.4, 10.671,0.013068, False, 5.8143, -5.7143, 8.6958, 4.7262, 4.9552, 8.539
33, 519.4, 10.822,0.013068, False, 6.043, -5.8078, 8.9511, 4.643, 5.0012, 8.4301
34, 519.4, 10.634,0.013068, False, 5.9513, -5.7145, 8.7882, 4.5692, 4.9104, 8.3467
35, 519.4, 10.596,0.013068, False, 5.8754, -5.6709, 8.7611, 4.602, 4.9186, 8.3997
36, 524.3, 10.538,0.0059042, False, 5.6497, -6.438, 8.7036, 4.7599, 4.0946, 8.365
37, 524.3, 10.639,0.0059042, False, 5.6697, -6.4575, 8.6655, 4.8555, 4.1781, 8.4135
38, 524.3, 10.606,0.0059042, False, 5.5595, -6.3822, 8.596, 4.9802, 4.2241, 8.5987
39, 524.3, 10.345,0.0059042, False, 5.3757, -6.2491, 8.4494, 4.8508, 4.0961, 8.4388
40, 651.7, 13.27,0.0059042, True, 6.8216, -7.4651, 9.8538, 6.2033, 5.8042, 9.9727
41, 651.7, 13.577,0.0059042, False, 7.3041, -7.8445, 10.112, 6.0142, 5.7296, 9.837
42, 651.7, 13.51,0.0059042, False, 7.2615, -7.7923, 10.084, 5.9939, 5.7156, 9.8421
43, 651.7, 13.237,0.0059042, False, 7.0105, -7.5834, 9.9379, 5.9728, 5.653, 9.8103
44, 651.7, 13.214,0.0059042, False, 7.0447, -7.6399, 9.9342, 5.9073, 5.5728, 9.7772
45, 803.6, 16.127,0.0059042, False, 8.0544, -9.8139, 10.201, 7.8126, 6.2587, 11.53
46, 803.6, 16.062,0.0059042, False, 8.7371, -10.292, 10.697, 7.0919, 5.7689, 10.85
47, 803.6, 15.839,0.0059042, False, 8.43, -10.052, 10.547, 7.1671, 5.782, 10.94
48, 803.6, 15.703,0.0059042, False, 8.531, -10.095, 10.625, 6.9014, 5.6081, 10.718
49, 803.6, 16.427,0.0059042, False, 8.9296, -9.3485, 11.307, 7.2511, 7.0695, 10.765
50, 803.6, 16.171,0.0059042, False, 8.1873, -8.7916, 10.717, 7.7168, 7.3707, 11.249
51, 803.6, 16.211,0.0059042, False, 8.1539, -8.4032, 10.914, 7.8463, 7.8029, 11.305
52, 803.6, 16.431,0.0059042, False, 8.4184, -8.6474, 11.031, 7.8213, 7.7811, 11.304
53, 803.6, 16.04,0.0059042, False, 8.1412, -8.4144, 10.857, 7.6869, 7.6211, 11.238
54, 803.6, 16.233,0.0059042, False, 8.3189, -8.5364, 10.997, 7.6953, 7.6945, 11.24
55, 945.7, 19.707,0.0059042, False, 10.245, -10.909, 12.173, 9.4529, 8.792, 12.657
56, 945.7, 19.309,0.0059042, False, 10.336, -10.954, 12.247, 8.8432, 8.3545, 12.23
57, 945.7, 19.343,0.0059042, False, 10.298, -10.922, 12.278, 9.0018, 8.4208, 12.328
58, 945.7, 19.134,0.0059042, False, 10.136, -10.729, 12.226, 8.9116, 8.4045, 12.256
59, 945.7, 19.093,0.0059042, False, 9.8804, -10.558, 11.989, 9.1823, 8.5279, 12.508
60, 980, 57.523,-1, False, 47.778, -42.456, 34.443, 13.629, 12.302, 16.822
61, 980, 86.837,-1, False, 76.606, -66.454, 50.492, 16.06, 14.247, 18.428
62, 980, 141.34,-1, False, 124.83, -106.4, 77.529, 30.958, 25.935, 27.906
63, 1068.2, 20.976,0.0059042, False, 10.667, -11.164, 12.431, 10.455, 9.7876, 13.444
64, 1068.2, 20.946,0.0059042, False, 10.82, -11.218, 12.689, 10.253, 9.7213, 13.227
65, 1068.2, 20.636,0.0059042, False, 10.569, -10.99, 12.456, 10.22, 9.6308, 13.248
66, 1068.2, 22.081,0.0059042, False, 11.074, -11.561, 12.773, 11.292, 10.491, 13.915
67, 1068.2, 21.637,0.0059042, False, 11.106, -11.596, 12.774, 10.755, 10.025, 13.617
68, 1068.2, 21.405,0.0059042, False, 10.955, -11.479, 12.697, 10.679, 9.907, 13.585
69, 1068.2, 21.404,0.0059042, False, 11.05, -11.558, 12.752, 10.592, 9.8332, 13.487
70, 1617, 29.545,0.0059042, False, 17.242, -17.505, 15.986, 13.54, 12.039, 15.894
71, 1617, 30.733,0.0059042, False, 18.619, -18.647, 16.803, 13.451, 12.068, 15.755
72, 1617, 30.154,0.0059042, False, 17.909, -18.059, 16.375, 13.614, 12.092, 15.944
73, 1617, 29.725,0.0059042, False, 17.962, -18.128, 16.406, 12.962, 11.582, 15.443
74, 1617, 29.966,0.0059042, False, 16.999, -17.369, 15.868, 14.291, 12.592, 16.39
75, 1617, 30.516,0.0059042, False, 16.865, -16.662, 16.328, 15.239, 13.851, 16.758
76, 1617, 30.261,0.0059042, False, 17.037, -16.671, 16.575, 14.779, 13.589, 16.378
77, 1617, 30.021,0.0059042, False, 16.964, -16.648, 16.499, 14.532, 13.372, 16.22
78, 1617, 29.883,0.0059042, False, 17.282, -16.77, 16.752, 14.108, 13.101, 15.89
79, 1617, 30.342,0.0059042, False, 17.182, -16.903, 16.506, 14.842, 13.439, 16.533
80, 1617, 30.213,0.0059042, False, 17.153, -16.858, 16.516, 14.701, 13.355, 16.39