photo_index, part_soap [mass ratios], tension [in dyn], is_garbage [bool], R_left [cm], a_left, R_right [cm], a_right
1, 0.0044854,257.25, False, 4.9102, 0.99633, 3.7366, 0.88723
2, 0.0044854,257.25, False, 4.5979, 0.89931, 4.0457, 0.99886
3, 0.0044854,325.85, False, 6.5747, 0.99978, 5.1958, 0.92368
4, 0.0044854,325.85, False, 6.0761, 0.9997, 5.717, 0.90705
5, 0.0044854,392.0, False, 100.57, 1.0005, 2.4449, 1.0085
6, 0.0044854,392.0, False, 7.0703, 0.99951, 567.17, 1
7, 0.0044854,392.0, False, 7.4948, 1.0002, 4.9704, 1.0043
8, 0.0044854,392.0, True, 6.8841, 0.99563, 7.0337, 0.99958
9, 0.0044854,392.0, True, 6.8415, 0.98936, 6.8754, 0.99882
10, 0.013068,396.9, False, 7.6864, 0.99851, 6.6852, 0.9986
11, 0.013068,396.9, True, 7.1335, 1.0002, 7.3452, 0.99925
12, 0.013068,396.9, False, 6.8509, 0.99866, 6.947, 0.99605
13, 0.013068,396.9, False, 6.8396, 0.99879, 6.6331, 0.99558
14, 0.013068,396.9, False, 6.6574, 0.99854, 6.7142, 0.99455
15, 0.013068,335.65, False, 4.7086, 0.91051, 5.5927, 1.0194
16, 0.013068,335.65, False, 5.404, 0.90004, 5.5332, 0.9965
17, 0.013068,335.65, False, 6.123, 0.99894, 5.6978, 0.9971
18, 0.013068,335.65, False, 6.145, 0.99927, 5.7034, 0.99821
19, 0.013068,335.65, False, 6.1228, 0.99909, 5.6842, 0.99753
20, 0.013068,335.65, True, 6.3608, 1.0001, 5.1352, 0.99246
21, 0.013068,335.65, False, 6.4327, 1.003, 5.3293, 0.99842
22, 0.013068,335.65, False, 6.2141, 0.99734, 5.0977, 1.0011
23, 0.013068,335.65, False, 6.2892, 0.99737, 5.1462, 0.99861
24, 0.013068,335.65, True, 4.859, 0.6821, 3.894, 0.74879
25, 0.013068,335.65, True, 4.6938, 0.74218, 4.529, 0.95308
26, 0.013068,259.7, False, 4.4613, 0.9135, 4.3121, 0.98927
27, 0.013068,259.7, False, 4.7491, 0.99778, 4.1726, 0.87566
28, 0.013068,259.7, False, 4.5063, 0.91478, 4.5579, 0.99776
29, 0.013068,259.7, True, 4.8342, 0.97741, 3.9908, 0.98119
30, 0.013068,259.7, True, 4.2379, 0.99011, 4.025, 0.88843
31, 0.013068,259.7, True, 4.1421, 0.98995, 4.0118, 0.86847
32, 0.013068,259.7, False, 4.4027, 0.92715, 3.866, 0.85126
33, 0.013068,259.7, False, 4.4894, 0.83467, 3.861, 0.86538
34, 0.013068,259.7, False, 4.5083, 0.98147, 3.7858, 0.83373
35, 0.013068,259.7, False, 4.3169, 0.86834, 3.879, 0.82878
36, 0.0059042,262.15, False, 4.3544, 0.9966, 4.0495, 0.96135
37, 0.0059042,262.15, False, 4.1781, 0.93253, 4.3573, 0.98487
38, 0.0059042,262.15, False, 4.1015, 0.87782, 4.6461, 0.98938
39, 0.0059042,262.15, False, 4.155, 0.99689, 4.4097, 0.9855
40, 0.0059042,325.85, True, 5.8304, 0.99976, 5.4512, 0.99495
41, 0.0059042,325.85, False, 6.0851, 0.99887, 5.3829, 0.88897
42, 0.0059042,325.85, False, 6.0337, 0.99859, 5.5724, 0.9967
43, 0.0059042,325.85, False, 5.7528, 0.99791, 5.6035, 0.99929
44, 0.0059042,325.85, False, 5.6567, 1.0016, 22.092, 0.99888
45, 0.0059042,401.8, False, 6.5362, 1.0001, 7.0492, 0.9987
46, 0.0059042,401.8, False, 7.0042, 1.0001, 6.5463, 0.99756
47, 0.0059042,401.8, False, 6.7993, 1.0002, 6.676, 0.99837
48, 0.0059042,401.8, False, 6.9337, 0.99964, 6.5518, 0.99899
49, 0.0059042,401.8, False, 7.1148, 0.99833, 6.2087, 0.99741
50, 0.0059042,401.8, False, 6.4929, 0.99746, 6.6813, 0.99685
51, 0.0059042,401.8, False, 6.0184, 0.99864, 6.562, 1.0024
52, 0.0059042,401.8, False, 6.2372, 0.99645, 6.3566, 0.97798
53, 0.0059042,401.8, False, 6.2587, 0.9958, 6.2103, 0.91987
54, 0.0059042,401.8, False, 6.2972, 0.99634, 6.4651, 1.0263
55, 0.0059042,472.85, False, 7.8785, 0.99909, 8.1093, 0.99829
56, 0.0059042,472.85, False, 7.5968, 0.99797, 7.8544, 0.99805
57, 0.0059042,472.85, False, 8.1029, 0.99892, 7.8524, 0.9977
58, 0.0059042,472.85, False, 7.8368, 0.99851, 7.7514, 0.99753
59, 0.0059042,472.85, False, 7.6475, 0.99821, 8.0542, 0.99783
60, -1,490.0, False, 3.2735, 0.99655, 2.4426, 1.0002
61, -1,490.0, False, 3.2545, 1.0004, 6.6283, 1.0049
62, -1,490.0, False, 3.4299, 0.99611, 4.4458, 0.99868
63, 0.0059042,534.1, False, 8.0573, 0.99826, 9.4815, 1
64, 0.0059042,534.1, False, 8.2861, 0.99861, 8.9065, 1.0009
65, 0.0059042,534.1, False, 7.9724, 0.99899, 8.9543, 0.99891
66, 0.0059042,534.1, False, 8.056, 0.99876, 9.4201, 0.99878
67, 0.0059042,534.1, False, 8.1941, 1, 9.1948, 0.99903
68, 0.0059042,534.1, False, 8.0637, 0.9989, 9.1703, 0.99818
69, 0.0059042,534.1, False, 8.1636, 0.99879, 8.882, 0.998
70, 0.0059042,808.5, False, 14.091, 1, 12.985, 0.99915
71, 0.0059042,808.5, False, 14.809, 1.0001, 12.087, 0.99917
72, 0.0059042,808.5, False, 14.384, 1, 12.24, 0.99936
73, 0.0059042,808.5, False, 14.386, 1, 11.925, 1
74, 0.0059042,808.5, False, 13.72, 1.0001, 12.67, 0.99925
75, 0.0059042,808.5, False, 13.807, 1, 13.131, 1.0001
76, 0.0059042,808.5, False, 14.133, 0.99898, 12.883, 1
77, 0.0059042,808.5, False, 14.073, 1, 12.622, 1
78, 0.0059042,808.5, False, 13.195, 1.0001, 12.532, 1.0001
79, 0.0059042,808.5, False, 13.679, 1.0001, 12.399, 0.99841
80, 0.0059042,808.5, False, 13.299, 1, 12.14, 1
